8113225
8113226
8113228
8113229
8113242
8113243
8113245
8113246
8113248
8113249
8113422
8113423
8113425
8113426
8113428
8113429
8113442
8113443
8113445
8113446
8113448
8113449
8116222
8116223
8116225
8116226
8116228
8116229
8116242
8116243
8116245
8116246
8116248
8116249
8116422
8116423
8116425
8116426
8116428
8116429
8116442
8116443
8116445
8116446
8116448
8116449
8123222
8123223
8123225
8123226
8123228
8123229
8123242
8123243
8123245
8123246
8123248
8123249
8123422
8123423
8123425
8123426
8123428
8123429
8123442
8123443
8123445
8123446
8123448
8123449
8126222
8126223
8126225
8126226
8126228
8126229
8126242
8126243
8126245
8126246
8126248
8126249
8126422
8126423
8126425
8126426
8126428
8126429
8126442
8126443
8126445
8126446
8126448
8126449
8133222
8133223
8133225
8133226
8133228
8133229
8133242
8133243
8133245
8133246
8133248
8133249
8133422
8133423
8133425
8133426
8133428
8133429
8133442
8133443
8133445
8133446
8133448
8133449
8136222
8136223
8136225
8136226
8136228
8136229
8136242
8136243
8136245
8136246
8136248
8136249
8136422
8136423
8136425
8136426
8136428
8136429
8136442
8136443
8136445
8136446
8136448
8136449
8143222
8143223
8143225
8143226
8143228
8143229
8143242
8143243
8143245
8143246
8143248
8143249
8143422
8143423
8143425
8143426
8143428
8143429
9111114
9111115
9111116
9111117
9111118
9111119
9111124
9111125
9111126
9111127
9111128
9111129
9111131
9111132
9111133
9111134
9111135
9111136
9111137
9111138
9111139
9111141
9111142
9111143
9111144
9111145
9111146
9111147
9111148
9111149
9111214
9111215
9111216
9111217
9111218
9111219
9111224
9111225
9111226
9111227
9111228
9111229
9111231
9111232
9111233
9111234
9111235
9111236
9111237
9111238
9111239
9111241
9111242
9111243
9111244
9111245
9111246
9111247
9111248
9111249
9111311
9111312
9111313
9111314
9111315
9111316
9111317
9111318
9111319
9111321
9111322
9111323
9111324
9111325
9111326
9111327
9111328
9111329
9111331
9111332
9111333
9111334
9111335
9111336
9111337
9111338
9111339
9111341
9111342
9111343
9111344
9111345
9111346
9111347
9111348
9111349
9111411
9111412
9111413
9111414
9111415
9111416
9111417
9111418
9111419
9111421
9111422
9111423
9111424
9111425
9111426
9111427
9111428
9111429
9111431
9111432
9111433
9111434
9111435
9111436
9111437
9111438
9111439
9111441
9111442
9111443
9111444
9111445
9111446
9111447
9111448
9111449
9112114
9112115
9112116
9112117
9112118
9112119
9112124
9112125
9112126
9112127
9112128
9112129
9112131
9112132
9112133
9112134
9112135
9112136
9112137
9112138
9112139
9112141
9112142
9112143
9112144
9112145
9112146
9112147
9112148
9112149
9112214
9112215
9112216
9112217
9112218
9112219
9112224
9112225
9112226
9112227
9112228
9112229
9112231
9112232
9112233
9112234
9112235
9112236
9112237
9112238
9112239
9112241
9112242
9112243
9112244
9112245
9112246
9112247
9112248
9112249
9112311
9112312
9112313
9112314
9112315
9112316
9112317
9112318
9112319
9112321
9112322
9112323
9112324
9112325
9112326
9112327
9112328
9112329
9112331
9112332
9112333
9112334
9112335
9112336
9112337
9112338
9112339
9112341
9112342
9112343
9112344
9112345
9112346
9112347
9112348
9112349
9112411
9112412
9112413
9112414
9112415
9112416
9112417
9112418
9112419
9112421
9112422
9112423
9112424
9112425
9112426
9112427
9112428
9112429
9112431
9112432
9112433
9112434
9112435
9112436
9112437
9112438
9112439
9112441
9112442
9112443
9112444
9112445
9112446
9112447
9112448
9112449
9113114
9113115
9113116
9113117
9113118
9113119
9113124
9113125
9113126
9113127
9113128
9113129
9113131
9113132
9113133
9113134
9113135
9113136
9113137
9113138
9113139
9113141
9113142
9113143
9113144
9113145
9113146
9113147
9113148
9113149
9113214
9113215
9113216
9113217
9113218
9113219
9113224
9113225
9113226
9113227
9113228
9113229
9113231
9113232
9113233
9113234
9113235
9113236
9113237
9113238
9113239
9113241
9113242
9113243
9113244
9113245
9113246
9113247
9113248
9113249
9113311
9113312
9113313
9113314
9113315
9113316
9113317
9113318
9113319
9113321
9113322
9113323
9113324
9113325
9113326
9113327
9113328
9113329
9113331
9113332
9113333
9113334
9113335
9113336
9113337
9113338
9113339
9113341
9113342
9113343
9113344
9113345
9113346
9113347
9113348
9113349
9113411
9113412
9113413
9113414
9113415
9113416
9113417
9113418
9113419
9113421
9113422
9113423
9113424
9113425
9113426
9113427
9113428
9113429
9113431
9113432
9113433
9113434
9113435
9113436
9113437
9113438
9113439
9113441
9113442
9113443
9113444
9113445
9113446
9113447
9113448
9113449
9114111
9114112
9114113
9114114
9114115
9114116
9114117
9114118
9114119
9114121
9114122
9114123
9114124
9114125
9114126
9114127
9114128
9114129
9114131
9114132
9114133
9114134
9114135
9114136
9114137
9114138
9114139
9114141
9114142
9114143
9114144
9114145
9114146
9114147
9114148
9114149
9114211
9114212
9114213
9114214
9114215
9114216
9114217
9114218
9114219
9114221
9114222
9114223
9114224
9114225
9114226
9114227
9114228
9114229
9114231
9114232
9114233
9114234
9114235
9114236
9114237
9114238
9114239
9114241
9114242
9114243
9114244
9114245
9114246
9114247
9114248
9114249
9114311
9114312
9114313
9114314
9114315
9114316
9114317
9114318
9114319
9114321
9114322
9114323
9114324
9114325
9114326
9114327
9114328
9114329
9114331
9114332
9114333
9114334
9114335
9114336
9114337
9114338
9114339
9114341
9114342
9114343
9114344
9114345
9114346
9114347
9114348
9114349
9114411
9114412
9114413
9114414
9114415
9114416
9114417
9114418
9114419
9114421
9114422
9114423
9114424
9114425
9114426
9114427
9114428
9114429
9114431
9114432
9114433
9114434
9114435
9114436
9114437
9114438
9114439
9114441
9114442
9114443
9114444
9114445
9114446
9114447
9114448
9114449
9115111
9115112
9115113
9115114
9115115
9115116
9115117
9115118
9115119
9115121
9115122
9115123
9115124
9115125
9115126
9115127
9115128
9115129
9115131
9115132
9115133
9115134
9115135
9115136
9115137
9115138
9115139
9115141
9115142
9115143
9115144
9115145
9115146
9115147
9115148
9115149
9115211
9115212
9115213
9115214
9115215
9115216
9115217
9115218
9115219
9115221
9115222
9115223
9115224
9115225
9115226
9115227
9115228
9115229
9115231
9115232
9115233
9115234
9115235
9115236
9115237
9115238
9115239
9115241
9115242
9115243
9115244
9115245
9115246
9115247
9115248
9115249
9115311
9115312
9115313
9115314
9115315
9115316
9115317
9115318
9115319
9115321
9115322
9115323
9115324
9115325
9115326
9115327
9115328
9115329
9115331
9115332
9115333
9115334
9115335
9115336
9115337
9115338
9115339
9115341
9115342
9115343
9115344
9115345
9115346
9115347
9115348
9115349
9115411
9115412
9115413
9115414
9115415
9115416
9115417
9115418
9115419
9115421
9115422
9115423
9115424
9115425
9115426
9115427
9115428
9115429
9115431
9115432
9115433
9115434
9115435
9115436
9115437
9115438
9115439
9115441
9115442
9115443
9115444
9115445
9115446
9115447
9115448
9115449
9116111
9116112
9116113
9116114
9116115
9116116
9116117
9116118
9116119
9116121
9116122
9116123
9116124
9116125
9116126
9116127
9116128
9116129
9116131
9116132
9116133
9116134
9116135
9116136
9116137
9116138
9116139
9116141
9116142
9116143
9116144
9116145
9116146
9116147
9116148
9116149
9116211
9116212
9116213
9116214
9116215
9116216
9116217
9116218
9116219
9116221
9116222
9116223
9116224
9116225
9116226
9116227
9116228
9116229
9116231
9116232
9116233
9116234
9116235
9116236
9116237
9116238
9116239
9116241
9116242
9116243
9116244
9116245
9116246
9116247
9116248
9116249
9116311
9116312
9116313
9116314
9116315
9116316
9116317
9116318
9116319
9116321
9116322
9116323
9116324
9116325
9116326
9116327
9116328
9116329
9116331
9116332
9116333
9116334
9116335
9116336
9116337
9116338
9116339
9116341
9116342
9116343
9116344
9116345
9116346
9116347
9116348
9116349
9116411
9116412
9116413
9116414
9116415
9116416
9116417
9116418
9116419
9116421
9116422
9116423
9116424
9116425
9116426
9116427
9116428
9116429
9116431
9116432
9116433
9116434
9116435
9116436
9116437
9116438
9116439
9116441
9116442
9116443
9116444
9116445
9116446
9116447
9116448
9116449
9121111
9121112
9121113
9121114
9121115
9121116
9121117
9121118
9121119
9121121
9121122
9121123
9121124
9121125
9121126
9121127
9121128
9121129
9121131
9121132
9121133
9121134
9121135
9121136
9121137
9121138
9121139
9121141
9121142
9121143
9121144
9121145
9121146
9121147
9121148
9121149
9121211
9121212
9121213
9121214
9121215
9121216
9121217
9121218
9121219
9121221
9121222
9121223
9121224
9121225
9121226
9121227
9121228
9121229
9121231
9121232
9121233
9121234
9121235
9121236
9121237
9121238
9121239
9121241
9121242
9121243
9121244
9121245
9121246
9121247
9121248
9121249
9121311
9121312
9121313
9121314
9121315
9121316
9121317
9121318
9121319
9121321
9121322
9121323
9121324
9121325
9121326
9121327
9121328
9121329
9121331
9121332
9121333
9121334
9121335
9121336
9121337
9121338
9121339
9121341
9121342
9121343
9121344
9121345
9121346
9121347
9121348
9121349
9121411
9121412
9121413
9121414
9121415
9121416
9121417
9121418
9121419
9121421
9121422
9121423
9121424
9121425
9121426
9121427
9121428
9121429
9121431
9121432
9121433
9121434
9121435
9121436
9121437
9121438
9121439
9121441
9121442
9121443
9121444
9121445
9121446
9121447
9121448
9121449
9122111
9122112
9122113
9122114
9122115
9122116
9122117
9122118
9122119
9122121
9122122
9122123
9122124
9122125
9122126
9122127
9122128
9122129
9122131
9122132
9122133
9122134
9122135
9122136
9122137
9122138
9122139
9122141
9122142
9122143
9122144
9122145
9122146
9122147
9122148
9122149
9122211
9122212
9122213
9122214
9122215
9122216
9122217
9122218
9122219
9122221
9122222
9122223
9122224
9122225
9122226
9122227
9122228
9122229
9122231
9122232
9122233
9122234
9122235
9122236
9122237
9122238
9122239
9122241
9122242
9122243
9122244
9122245
9122246
9122247
9122248
9122249
9122311
9122312
9122313
9122314
9122315
9122316
9122317
9122318
9122319
9122321
9122322
9122323
9122324
9122325
9122326
9122327
9122328
9122329
9122331
9122332
9122333
9122334
9122335
9122336
9122337
9122338
9122339
9122341
9122342
9122343
9122344
9122345
9122346
9122347
9122348
9122349
9122411
9122412
9122413
9122414
9122415
9122416
9122417
9122418
9122419
9122421
9122422
9122423
9122424
9122425
9122426
9122427
9122428
9122429
9122431
9122432
9122433
9122434
9122435
9122436
9122437
9122438
9122439
9122441
9122442
9122443
9122444
9122445
9122446
9122447
9122448
9122449
9123111
9123112
9123113
9123114
9123115
9123116
9123117
9123118
9123119
9123121
9123122
9123123
9123124
9123125
9123126
9123127
9123128
9123129
9123131
9123132
9123133
9123134
9123135
9123136
9123137
9123138
9123139
9123141
9123142
9123143
9123144
9123145
9123146
9123147
9123148
9123149
9123211
9123212
9123213
9123214
9123215
9123216
9123217
9123218
9123219
9123221
9123222
9123223
9123224
9123225
9123226
9123227
9123228
9123229
9123231
9123232
9123233
9123234
9123235
9123236
9123237
9123238
9123239
9123241
9123242
9123243
9123244
9123245
9123246
9123247
9123248
9123249
9123311
9123312
9123313
9123314
9123315
9123316
9123317
9123318
9123319
9123321
9123322
9123323
9123324
9123325
9123326
9123327
9123328
9123329
9123331
9123332
9123333
9123334
9123335
9123336
9123337
9123338
9123339
9123341
9123342
9123343
9123344
9123345
9123346
9123347
9123348
9123349
9123411
9123412
9123413
9123414
9123415
9123416
9123417
9123418
9123419
9123421
9123422
9123423
9123424
9123425
9123426
9123427
9123428
9123429
9123431
9123432
9123433
9123434
9123435
9123436
9123437
9123438
9123439
9123441
9123442
9123443
9123444
9123445
9123446
9123447
9123448
9123449
9124111
9124112
9124113
9124114
9124115
9124116
9124117
9124118
9124119
9124121
9124122
9124123
9124124
9124125
9124126
9124127
9124128
9124129
9124131
9124132
9124133
9124134
9124135
9124136
9124137
9124138
9124139
9124141
9124142
9124143
9124144
9124145
9124146
9124147
9124148
9124149
9124211
9124212
9124213
9124214
9124215
9124216
9124217
9124218
9124219
9124221
9124222
9124223
9124224
9124225
9124226
9124227
9124228
9124229
9124231
9124232
9124233
9124234
9124235
9124236
9124237
9124238
9124239
9124241
9124242
9124243
9124244
9124245
9124246
9124247
9124248
9124249
9124311
9124312
9124313
9124314
9124315
9124316
9124317
9124318
9124319
9124321
9124322
9124323
9124324
9124325
9124326
9124327
9124328
9124329
9124331
9124332
9124333
9124334
9124335
9124336
9124337
9124338
9124339
9124341
9124342
9124343
9124344
9124345
9124346
9124347
9124348
9124349
9124411
9124412
9124413
9124414
9124415
9124416
9124417
9124418
9124419
9124421
9124422
9124423
9124424
9124425
9124426
9124427
9124428
9124429
9124431
9124432
9124433
9124434
9124435
9124436
9124437
9124438
9124439
9124441
9124442
9124443
9124444
9124445
9124446
9124447
9124448
9124449
9125111
9125112
9125113
9125114
9125115
9125116
9125117
9125118
9125119
9125121
9125122
9125123
9125124
9125125
9125126
9125127
9125128
9125129
9125131
9125132
9125133
9125134
9125135
9125136
9125137
9125138
9125139
9125141
9125142
9125143
9125144
9125145
9125146
9125147
9125148
9125149
9125211
9125212
9125213
9125214
9125215
9125216
9125217
9125218
9125219
9125221
9125222
9125223
9125224
9125225
9125226
9125227
9125228
9125229
9125231
9125232
9125233
9125234
9125235
9125236
9125237
9125238
9125239
9125241
9125242
9125243
9125244
9125245
9125246
9125247
9125248
9125249
9125311
9125312
9125313
9125314
9125315
9125316
9125317
9125318
9125319
9125321
9125322
9125323
9125324
9125325
9125326
9125327
9125328
9125329
9125331
9125332
9125333
9125334
9125335
9125336
9125337
9125338
9125339
9125341
9125342
9125343
9125344
9125345
9125346
9125347
9125348
9125349
9125411
9125412
9125413
9125414
9125415
9125416
9125417
9125418
9125419
9125421
9125422
9125423
9125424
9125425
9125426
9125427
9125428
9125429
9125431
9125432
9125433
9125434
9125435
9125436
9125437
9125438
9125439
9125441
9125442
9125443
9125444
9125445
9125446
9125447
9125448
9125449
9126111
9126112
9126113
9126114
9126115
9126116
9126117
9126118
9126119
9126121
9126122
9126123
9126124
9126125
9126126
9126127
9126128
9126129
9126131
9126132
9126133
9126134
9126135
9126136
9126137
9126138
9126139
9126141
9126142
9126143
9126144
9126145
9126146
9126147
9126148
9126149
9126211
9126212
9126213
9126214
9126215
9126216
9126217
9126218
9126219
9126221
9126222
9126223
9126224
9126225
9126226
9126227
9126228
9126229
9126231
9126232
9126233
9126234
9126235
9126236
9126237
9126238
9126239
9126241
9126242
9126243
9126244
9126245
9126246
9126247
9126248
9126249
9126311
9126312
9126313
9126314
9126315
9126316
9126317
9126318
9126319
9126321
9126322
9126323
9126324
9126325
9126326
9126327
9126328
9126329
9126331
9126332
9126333
9126334
9126335
9126336
9126337
9126338
9126339
9126341
9126342
9126343
9126344
9126345
9126346
9126347
9126348
9126349
9126411
9126412
9126413
9126414
9126415
9126416
9126417
9126418
9126419
9126421
9126422
9126423
9126424
9126425
9126426
9126427
9126428
9126429
9126431
9126432
9126433
9126434
9126435
9126436
9126437
9126438
9126439
9126441
9126442
9126443
9126444
9126445
9126446
9126447
9126448
9126449
9131111
9131112
9131113
9131114
9131115
9131116
9131117
9131118
9131119
9131121
9131122
9131123
9131124
9131125
9131126
9131127
9131128
9131129
9131131
9131132
9131133
9131134
9131135
9131136
9131137
9131138
9131139
9131141
9131142
9131143
9131144
9131145
9131146
9131147
9131148
9131149
9131211
9131212
9131213
9131214
9131215
9131216
9131217
9131218
9131219
9131221
9131222
9131223
9131224
9131225
9131226
9131227
9131228
9131229
9131231
9131232
9131233
9131234
9131235
9131236
9131237
9131238
9131239
9131241
9131242
9131243
9131244
9131245
9131246
9131247
9131248
9131249
9131311
9131312
9131313
9131314
9131315
9131316
9131317
9131318
9131319
9131321
9131322
9131323
9131324
9131325
9131326
9131327
9131328
9131329
9131331
9131332
9131333
9131334
9131335
9131336
9131337
9131338
9131339
9131341
9131342
9131343
9131344
9131345
9131346
9131347
9131348
9131349
9131411
9131412
9131413
9131414
9131415
9131416
9131417
9131418
9131419
9131421
9131422
9131423
9131424
9131425
9131426
9131427
9131428
9131429
9131431
9131432
9131433
9131434
9131435
9131436
9131437
9131438
9131439
9131441
9131442
9131443
9131444
9131445
9131446
9131447
9131448
9131449
9132111
9132112
9132113
9132114
9132115
9132116
9132117
9132118
9132119
9132121
9132122
9132123
9132124
9132125
9132126
9132127
9132128
9132129
9132131
9132132
9132133
9132134
9132135
9132136
9132137
9132138
9132139
9132141
9132142
9132143
9132144
9132145
9132146
9132147
9132148
9132149
9132211
9132212
9132213
9132214
9132215
9132216
9132217
9132218
9132219
9132221
9132222
9132223
9132224
9132225
9132226
9132227
9132228
9132229
9132231
9132232
9132233
9132234
9132235
9132236
9132237
9132238
9132239
9132241
9132242
9132243
9132244
9132245
9132246
9132247
9132248
9132249
9132311
9132312
9132313
9132314
9132315
9132316
9132317
9132318
9132319
9132321
9132322
9132323
9132324
9132325
9132326
9132327
9132328
9132329
9132331
9132332
9132333
9132334
9132335
9132336
9132337
9132338
9132339
9132341
9132342
9132343
9132344
9132345
9132346
9132347
9132348
9132349
9132411
9132412
9132413
9132414
9132415
9132416
9132417
9132418
9132419
9132421
9132422
9132423
9132424
9132425
9132426
9132427
9132428
9132429
9132431
9132432
9132433
9132434
9132435
9132436
9132437
9132438
9132439
9132441
9132442
9132443
9132444
9132445
9132446
9132447
9132448
9132449
9133111
9133112
9133113
9133114
9133115
9133116
9133117
9133118
9133119
9133121
9133122
9133123
9133124
9133125
9133126
9133127
9133128
9133129
9133131
9133132
9133133
9133134
9133135
9133136
9133137
9133138
9133139
9133141
9133142
9133143
9133144
9133145
9133146
9133147
9133148
9133149
9133211
9133212
9133213
9133214
9133215
9133216
9133217
9133218
9133219
9133221
9133222
9133223
9133224
9133225
9133226
9133227
9133228
9133229
9133231
9133232
9133233
9133234
9133235
9133236
9133237
9133238
9133239
9133241
9133242
9133243
9133244
9133245
9133246
9133247
9133248
9133249
9133311
9133312
9133313
9133314
9133315
9133316
9133317
9133318
9133319
9133321
9133322
9133323
9133324
9133325
9133326
9133327
9133328
9133329
9133331
9133332
9133333
9133334
9133335
9133336
9133337
9133338
9133339
9133341
9133342
9133343
9133344
9133345
9133346
9133347
9133348
9133349
9133411
9133412
9133413
9133414
9133415
9133416
9133417
9133418
9133419
9133421
9133422
9133423
9133424
9133425
9133426
9133427
9133428
9133429
9133431
9133432
9133433
9133434
9133435
9133436
9133437
9133438
9133439
9133441
9133442
9133443
9133444
9133445
9133446
9133447
9133448
9133449
9134111
9134112
9134113
9134114
9134115
9134116
9134117
9134118
9134119
9134121
9134122
9134123
9134124
9134125
9134126
9134127
9134128
9134129
9134131
9134132
9134133
9134134
9134135
9134136
9134137
9134138
9134139
9134141
9134142
9134143
9134144
9134145
9134146
9134147
9134148
9134149
9134211
9134212
9134213
9134214
9134215
9134216
9134217
9134218
9134219
9134221
9134222
9134223
9134224
9134225
9134226
9134227
9134228
9134229
9134231
9134232
9134233
9134234
9134235
9134236
9134237
9134238
9134239
9134241
9134242
9134243
9134244
9134245
9134246
9134247
9134248
9134249
9134311
9134312
9134313
9134314
9134315
9134316
9134317
9134318
9134319
9134321
9134322
9134323
9134324
9134325
9134326
9134327
9134328
9134329
9134331
9134332
9134333
9134334
9134335
9134336
9134337
9134338
9134339
9134341
9134342
9134343
9134344
9134345
9134346
9134347
9134348
9134349
9134411
9134412
9134413
9134414
9134415
9134416
9134417
9134418
9134419
9134421
9134422
9134423
9134424
9134425
9134426
9134427
9134428
9134429
9134431
9134432
9134433
9134434
9134435
9134436
9134437
9134438
9134439
9134441
9134442
9134443
9134444
9134445
9134446
9134447
9134448
9134449
9135111
9135112
9135113
9135114
9135115
9135116
9135117
9135118
9135119
9135121
9135122
9135123
9135124
9135125
9135126
9135127
9135128
9135129
9135131
9135132
9135133
9135134
9135135
9135136
9135137
9135138
9135139
9135141
9135142
9135143
9135144
9135145
9135146
9135147
9135148
9135149
9135211
9135212
9135213
9135214
9135215
9135216
9135217
9135218
9135219
9135221
9135222
9135223
9135224
9135225
9135226
9135227
9135228
9135229
9135231
9135232
9135233
9135234
9135235
9135236
9135237
9135238
9135239
9135241
9135242
9135243
9135244
9135245
9135246
9135247
9135248
9135249
9135311
9135312
9135313
9135314
9135315
9135316
9135317
9135318
9135319
9135321
9135322
9135323
9135324
9135325
9135326
9135327
9135328
9135329
9135331
9135332
9135333
9135334
9135335
9135336
9135337
9135338
9135339
9135341
9135342
9135343
9135344
9135345
9135346
9135347
9135348
9135349
9135411
9135412
9135413
9135414
9135415
9135416
9135417
9135418
9135419
9135421
9135422
9135423
9135424
9135425
9135426
9135427
9135428
9135429
9135431
9135432
9135433
9135434
9135435
9135436
9135437
9135438
9135439
9135441
9135442
9135443
9135444
9135445
9135446
9135447
9135448
9135449
9136111
9136112
9136113
9136114
9136115
9136116
9136117
9136118
9136119
9136121
9136122
9136123
9136124
9136125
9136126
9136127
9136128
9136129
9136131
9136132
9136133
9136134
9136135
9136136
9136137
9136138
9136139
9136141
9136142
9136143
9136144
9136145
9136146
9136147
9136148
9136149
9136211
9136212
9136213
9136214
9136215
9136216
9136217
9136218
9136219
9136221
9136222
9136223
9136224
9136225
9136226
9136227
9136228
9136229
9136231
9136232
9136233
9136234
9136235
9136236
9136237
9136238
9136239
9136241
9136242
9136243
9136244
9136245
9136246
9136247
9136248
9136249
9136311
9136312
9136313
9136314
9136315
9136316
9136317
9136318
9136319
9136321
9136322
9136323
9136324
9136325
9136326
9136327
9136328
9136329
9136331
9136332
9136333
9136334
9136335
9136336
9136337
9136338
9136339
9136341
9136342
9136343
9136344
9136345
9136346
9136347
9136348
9136349
9136411
9136412
9136413
9136414
9136415
9136416
9136417
9136418
9136419
9136421
9136422
9136423
9136424
9136425
9136426
9136427
9136428
9136429
9136431
9136432
9136433
9136434
9136435
9136436
9136437
9136438
9136439
9136441
9136442
9136443
9136444
9136445
9136446
9136447
9136448
9136449
9141111
9141112
9141113
9141114
9141115
9141116
9141117
9141118
9141119
9141121
9141122
9141123
9141124
9141125
9141126
9141127
9141128
9141129
9141131
9141132
9141133
9141134
9141135
9141136
9141137
9141138
9141139
9141141
9141142
9141143
9141144
9141145
9141146
9141147
9141148
9141149
9141211
9141212
9141213
9141214
9141215
9141216
9141217
9141218
9141219
9141221
9141222
9141223
9141224
9141225
9141226
9141227
9141228
9141229
9141231
9141232
9141233
9141234
9141235
9141236
9141237
9141238
9141239
9141241
9141242
9141243
9141244
9141245
9141246
9141247
9141248
9141249
9141311
9141312
9141313
9141314
9141315
9141316
9141317
9141318
9141319
9141321
9141322
9141323
9141324
9141325
9141326
9141327
9141328
9141329
9141411
9141412
9141413
9141414
9141415
9141416
9141417
9141418
9141419
9141421
9141422
9141423
9141424
9141425
9141426
9141427
9141428
9141429
9142111
9142112
9142113
9142114
9142115
9142116
9142117
9142118
9142119
9142121
9142122
9142123
9142124
9142125
9142126
9142127
9142128
9142129
9142131
9142132
9142133
9142134
9142135
9142136
9142137
9142138
9142139
9142141
9142142
9142143
9142144
9142145
9142146
9142147
9142148
9142149
9142211
9142212
9142213
9142214
9142215
9142216
9142217
9142218
9142219
9142221
9142222
9142223
9142224
9142225
9142226
9142227
9142228
9142229
9142231
9142232
9142233
9142234
9142235
9142236
9142237
9142238
9142239
9142241
9142242
9142243
9142244
9142245
9142246
9142247
9142248
9142249
9142311
9142312
9142313
9142314
9142315
9142316
9142317
9142318
9142319
9142321
9142322
9142323
9142324
9142325
9142326
9142327
9142328
9142329
9142411
9142412
9142413
9142414
9142415
9142416
9142417
9142418
9142419
9142421
9142422
9142423
9142424
9142425
9142426
9142427
9142428
9142429
9143111
9143112
9143113
9143114
9143115
9143116
9143117
9143118
9143119
9143121
9143122
9143123
9143124
9143125
9143126
9143127
9143128
9143129
9143131
9143132
9143133
9143134
9143135
9143136
9143137
9143138
9143139
9143141
9143142
9143143
9143144
9143145
9143146
9143147
9143148
9143149
9143211
9143212
9143213
9143214
9143215
9143216
9143217
9143218
9143219
9143221
9143222
9143223
9143224
9143225
9143226
9143227
9143228
9143229
9143231
9143232
9143233
9143234
9143235
9143236
9143237
9143238
9143239
9143241
9143242
9143243
9143244
9143245
9143246
9143247
9143248
9143249
9143311
9143312
9143313
9143314
9143315
9143316
9143317
9143318
9143319
9143321
9143322
9143323
9143324
9143325
9143326
9143327
9143328
9143329
9143411
9143412
9143413
9143414
9143415
9143416
9143417
9143418
9143419
9143421
9143422
9143423
9143424
9143425
9143426
9143427
9143428
9143429
10111114
10111115
10111116
10111117
10111118
10111119
10111124
10111125
10111126
10111127
10111128
10111129
10111131
10111132
10111133
10111134
10111135
10111136
10111137
10111138
10111139
10111141
10111142
10111143
10111144
10111145
10111146
10111147
10111148
10111149
10111214
10111215
10111216
10111217
10111218
10111219
10111224
10111225
10111226
10111227
10111228
10111229
10111231
10111232
10111233
10111234
10111235
10111236
10111237
10111238
10111239
10111241
10111242
10111243
10111244
10111245
10111246
10111247
10111248
10111249
10111311
10111312
10111313
10111314
10111315
10111316
10111317
10111318
10111319
10111321
10111322
10111323
10111324
10111325
10111326
10111327
10111328
10111329
10111331
10111332
10111333
10111334
10111335
10111336
10111337
10111338
10111339
10111341
10111342
10111343
10111344
10111345
10111346
10111347
10111348
10111349
10111411
10111412
10111413
10111414
10111415
10111416
10111417
10111418
10111419
10111421
10111422
10111423
10111424
10111425
10111426
10111427
10111428
10111429
10111431
10111432
10111433
10111434
10111435
10111436
10111437
10111438
10111439
10111441
10111442
10111443
10111444
10111445
10111446
10111447
10111448
10111449
10112114
10112115
10112116
10112117
10112118
10112119
10112124
10112125
10112126
10112127
10112128
10112129
10112131
10112132
10112133
10112134
10112135
10112136
10112137
10112138
10112139
10112141
10112142
10112143
10112144
10112145
10112146
10112147
10112148
10112149
10112214
10112215
10112216
10112217
10112218
10112219
10112224
10112225
10112226
10112227
10112228
10112229
10112231
10112232
10112233
10112234
10112235
10112236
10112237
10112238
10112239
10112241
10112242
10112243
10112244
10112245
10112246
10112247
10112248
10112249
10112311
10112312
10112313
10112314
10112315
10112316
10112317
10112318
10112319
10112321
10112322
10112323
10112324
10112325
10112326
10112327
10112328
10112329
10112331
10112332
10112333
10112334
10112335
10112336
10112337
10112338
10112339
10112341
10112342
10112343
10112344
10112345
10112346
10112347
10112348
10112349
10112411
10112412
10112413
10112414
10112415
10112416
10112417
10112418
10112419
10112421
10112422
10112423
10112424
10112425
10112426
10112427
10112428
10112429
10112431
10112432
10112433
10112434
10112435
10112436
10112437
10112438
10112439
10112441
10112442
10112443
10112444
10112445
10112446
10112447
10112448
10112449
10113114
10113115
10113116
10113117
10113118
10113119
10113124
10113125
10113126
10113127
10113128
10113129
10113131
10113132
10113133
10113134
10113135
10113136
10113137
10113138
10113139
10113141
10113142
10113143
10113144
10113145
10113146
10113147
10113148
10113149
10113214
10113215
10113216
10113217
10113218
10113219
10113224
10113225
10113226
10113227
10113228
10113229
10113231
10113232
10113233
10113234
10113235
10113236
10113237
10113238
10113239
10113241
10113242
10113243
10113244
10113245
10113246
10113247
10113248
10113249
10113311
10113312
10113313
10113314
10113315
10113316
10113317
10113318
10113319
10113321
10113322
10113323
10113324
10113325
10113326
10113327
10113328
10113329
10113331
10113332
10113333
10113334
10113335
10113336
10113337
10113338
10113339
10113341
10113342
10113343
10113344
10113345
10113346
10113347
10113348
10113349
10113411
10113412
10113413
10113414
10113415
10113416
10113417
10113418
10113419
10113421
10113422
10113423
10113424
10113425
10113426
10113427
10113428
10113429
10113431
10113432
10113433
10113434
10113435
10113436
10113437
10113438
10113439
10113441
10113442
10113443
10113444
10113445
10113446
10113447
10113448
10113449
10114111
10114112
10114113
10114114
10114115
10114116
10114117
10114118
10114119
10114121
10114122
10114123
10114124
10114125
10114126
10114127
10114128
10114129
10114131
10114132
10114133
10114134
10114135
10114136
10114137
10114138
10114139
10114141
10114142
10114143
10114144
10114145
10114146
10114147
10114148
10114149
10114211
10114212
10114213
10114214
10114215
10114216
10114217
10114218
10114219
10114221
10114222
10114223
10114224
10114225
10114226
10114227
10114228
10114229
10114231
10114232
10114233
10114234
10114235
10114236
10114237
10114238
10114239
10114241
10114242
10114243
10114244
10114245
10114246
10114247
10114248
10114249
10114311
10114312
10114313
10114314
10114315
10114316
10114317
10114318
10114319
10114321
10114322
10114323
10114324
10114325
10114326
10114327
10114328
10114329
10114331
10114332
10114333
10114334
10114335
10114336
10114337
10114338
10114339
10114341
10114342
10114343
10114344
10114345
10114346
10114347
10114348
10114349
10114411
10114412
10114413
10114414
10114415
10114416
10114417
10114418
10114419
10114421
10114422
10114423
10114424
10114425
10114426
10114427
10114428
10114429
10114431
10114432
10114433
10114434
10114435
10114436
10114437
10114438
10114439
10114441
10114442
10114443
10114444
10114445
10114446
10114447
10114448
10114449
10115111
10115112
10115113
10115114
10115115
10115116
10115117
10115118
10115119
10115121
10115122
10115123
10115124
10115125
10115126
10115127
10115128
10115129
10115131
10115132
10115133
10115134
10115135
10115136
10115137
10115138
10115139
10115141
10115142
10115143
10115144
10115145
10115146
10115147
10115148
10115149
10115211
10115212
10115213
10115214
10115215
10115216
10115217
10115218
10115219
10115221
10115222
10115223
10115224
10115225
10115226
10115227
10115228
10115229
10115231
10115232
10115233
10115234
10115235
10115236
10115237
10115238
10115239
10115241
10115242
10115243
10115244
10115245
10115246
10115247
10115248
10115249
10115311
10115312
10115313
10115314
10115315
10115316
10115317
10115318
10115319
10115321
10115322
10115323
10115324
10115325
10115326
10115327
10115328
10115329
10115331
10115332
10115333
10115334
10115335
10115336
10115337
10115338
10115339
10115341
10115342
10115343
10115344
10115345
10115346
10115347
10115348
10115349
10115411
10115412
10115413
10115414
10115415
10115416
10115417
10115418
10115419
10115421
10115422
10115423
10115424
10115425
10115426
10115427
10115428
10115429
10115431
10115432
10115433
10115434
10115435
10115436
10115437
10115438
10115439
10115441
10115442
10115443
10115444
10115445
10115446
10115447
10115448
10115449
10116111
10116112
10116113
10116114
10116115
10116116
10116117
10116118
10116119
10116121
10116122
10116123
10116124
10116125
10116126
10116127
10116128
10116129
10116131
10116132
10116133
10116134
10116135
10116136
10116137
10116138
10116139
10116141
10116142
10116143
10116144
10116145
10116146
10116147
10116148
10116149
10116211
10116212
10116213
10116214
10116215
10116216
10116217
10116218
10116219
10116221
10116222
10116223
10116224
10116225
10116226
10116227
10116228
10116229
10116231
10116232
10116233
10116234
10116235
10116236
10116237
10116238
10116239
10116241
10116242
10116243
10116244
10116245
10116246
10116247
10116248
10116249
10116311
10116312
10116313
10116314
10116315
10116316
10116317
10116318
10116319
10116321
10116322
10116323
10116324
10116325
10116326
10116327
10116328
10116329
10116331
10116332
10116333
10116334
10116335
10116336
10116337
10116338
10116339
10116341
10116342
10116343
10116344
10116345
10116346
10116347
10116348
10116349
10116411
10116412
10116413
10116414
10116415
10116416
10116417
10116418
10116419
10116421
10116422
10116423
10116424
10116425
10116426
10116427
10116428
10116429
10116431
10116432
10116433
10116434
10116435
10116436
10116437
10116438
10116439
10116441
10116442
10116443
10116444
10116445
10116446
10116447
10116448
10116449
10121111
10121112
10121113
10121114
10121115
10121116
10121117
10121118
10121119
10121121
10121122
10121123
10121124
10121125
10121126
10121127
10121128
10121129
10121131
10121132
10121133
10121134
10121135
10121136
10121137
10121138
10121139
10121141
10121142
10121143
10121144
10121145
10121146
10121147
10121148
10121149
10121211
10121212
10121213
10121214
10121215
10121216
10121217
10121218
10121219
10121221
10121222
10121223
10121224
10121225
10121226
10121227
10121228
10121229
10121231
10121232
10121233
10121234
10121235
10121236
10121237
10121238
10121239
10121241
10121242
10121243
10121244
10121245
10121246
10121247
10121248
10121249
10121311
10121312
10121313
10121314
10121315
10121316
10121317
10121318
10121319
10121321
10121322
10121323
10121324
10121325
10121326
10121327
10121328
10121329
10121331
10121332
10121333
10121334
10121335
10121336
10121337
10121338
10121339
10121341
10121342
10121343
10121344
10121345
10121346
10121347
10121348
10121349
10121411
10121412
10121413
10121414
10121415
10121416
10121417
10121418
10121419
10121421
10121422
10121423
10121424
10121425
10121426
10121427
10121428
10121429
10121431
10121432
10121433
10121434
10121435
10121436
10121437
10121438
10121439
10121441
10121442
10121443
10121444
10121445
10121446
10121447
10121448
10121449
10122111
10122112
10122113
10122114
10122115
10122116
10122117
10122118
10122119
10122121
10122122
10122123
10122124
10122125
10122126
10122127
10122128
10122129
10122131
10122132
10122133
10122134
10122135
10122136
10122137
10122138
10122139
10122141
10122142
10122143
10122144
10122145
10122146
10122147
10122148
10122149
10122211
10122212
10122213
10122214
10122215
10122216
10122217
10122218
10122219
10122221
10122222
10122223
10122224
10122225
10122226
10122227
10122228
10122229
10122231
10122232
10122233
10122234
10122235
10122236
10122237
10122238
10122239
10122241
10122242
10122243
10122244
10122245
10122246
10122247
10122248
10122249
10122311
10122312
10122313
10122314
10122315
10122316
10122317
10122318
10122319
10122321
10122322
10122323
10122324
10122325
10122326
10122327
10122328
10122329
10122331
10122332
10122333
10122334
10122335
10122336
10122337
10122338
10122339
10122341
10122342
10122343
10122344
10122345
10122346
10122347
10122348
10122349
10122411
10122412
10122413
10122414
10122415
10122416
10122417
10122418
10122419
10122421
10122422
10122423
10122424
10122425
10122426
10122427
10122428
10122429
10122431
10122432
10122433
10122434
10122435
10122436
10122437
10122438
10122439
10122441
10122442
10122443
10122444
10122445
10122446
10122447
10122448
10122449
10123111
10123112
10123113
10123114
10123115
10123116
10123117
10123118
10123119
10123121
10123122
10123123
10123124
10123125
10123126
10123127
10123128
10123129
10123131
10123132
10123133
10123134
10123135
10123136
10123137
10123138
10123139
10123141
10123142
10123143
10123144
10123145
10123146
10123147
10123148
10123149
10123211
10123212
10123213
10123214
10123215
10123216
10123217
10123218
10123219
10123221
10123222
10123223
10123224
10123225
10123226
10123227
10123228
10123229
10123231
10123232
10123233
10123234
10123235
10123236
10123237
10123238
10123239
10123241
10123242
10123243
10123244
10123245
10123246
10123247
10123248
10123249
10123311
10123312
10123313
10123314
10123315
10123316
10123317
10123318
10123319
10123321
10123322
10123323
10123324
10123325
10123326
10123327
10123328
10123329
10123331
10123332
10123333
10123334
10123335
10123336
10123337
10123338
10123339
10123341
10123342
10123343
10123344
10123345
10123346
10123347
10123348
10123349
10123411
10123412
10123413
10123414
10123415
10123416
10123417
10123418
10123419
10123421
10123422
10123423
10123424
10123425
10123426
10123427
10123428
10123429
10123431
10123432
10123433
10123434
10123435
10123436
10123437
10123438
10123439
10123441
10123442
10123443
10123444
10123445
10123446
10123447
10123448
10123449
10124111
10124112
10124113
10124114
10124115
10124116
10124117
10124118
10124119
10124121
10124122
10124123
10124124
10124125
10124126
10124127
10124128
10124129
10124131
10124132
10124133
10124134
10124135
10124136
10124137
10124138
10124139
10124141
10124142
10124143
10124144
10124145
10124146
10124147
10124148
10124149
10124211
10124212
10124213
10124214
10124215
10124216
10124217
10124218
10124219
10124221
10124222
10124223
10124224
10124225
10124226
10124227
10124228
10124229
10124231
10124232
10124233
10124234
10124235
10124236
10124237
10124238
10124239
10124241
10124242
10124243
10124244
10124245
10124246
10124247
10124248
10124249
10124311
10124312
10124313
10124314
10124315
10124316
10124317
10124318
10124319
10124321
10124322
10124323
10124324
10124325
10124326
10124327
10124328
10124329
10124331
10124332
10124333
10124334
10124335
10124336
10124337
10124338
10124339
10124341
10124342
10124343
10124344
10124345
10124346
10124347
10124348
10124349
10124411
10124412
10124413
10124414
10124415
10124416
10124417
10124418
10124419
10124421
10124422
10124423
10124424
10124425
10124426
10124427
10124428
10124429
10124431
10124432
10124433
10124434
10124435
10124436
10124437
10124438
10124439
10124441
10124442
10124443
10124444
10124445
10124446
10124447
10124448
10124449
10125111
10125112
10125113
10125114
10125115
10125116
10125117
10125118
10125119
10125121
10125122
10125123
10125124
10125125
10125126
10125127
10125128
10125129
10125131
10125132
10125133
10125134
10125135
10125136
10125137
10125138
10125139
10125141
10125142
10125143
10125144
10125145
10125146
10125147
10125148
10125149
10125211
10125212
10125213
10125214
10125215
10125216
10125217
10125218
10125219
10125221
10125222
10125223
10125224
10125225
10125226
10125227
10125228
10125229
10125231
10125232
10125233
10125234
10125235
10125236
10125237
10125238
10125239
10125241
10125242
10125243
10125244
10125245
10125246
10125247
10125248
10125249
10125311
10125312
10125313
10125314
10125315
10125316
10125317
10125318
10125319
10125321
10125322
10125323
10125324
10125325
10125326
10125327
10125328
10125329
10125331
10125332
10125333
10125334
10125335
10125336
10125337
10125338
10125339
10125341
10125342
10125343
10125344
10125345
10125346
10125347
10125348
10125349
10125411
10125412
10125413
10125414
10125415
10125416
10125417
10125418
10125419
10125421
10125422
10125423
10125424
10125425
10125426
10125427
10125428
10125429
10125431
10125432
10125433
10125434
10125435
10125436
10125437
10125438
10125439
10125441
10125442
10125443
10125444
10125445
10125446
10125447
10125448
10125449
10126111
10126112
10126113
10126114
10126115
10126116
10126117
10126118
10126119
10126121
10126122
10126123
10126124
10126125
10126126
10126127
10126128
10126129
10126131
10126132
10126133
10126134
10126135
10126136
10126137
10126138
10126139
10126141
10126142
10126143
10126144
10126145
10126146
10126147
10126148
10126149
10126211
10126212
10126213
10126214
10126215
10126216
10126217
10126218
10126219
10126221
10126222
10126223
10126224
10126225
10126226
10126227
10126228
10126229
10126231
10126232
10126233
10126234
10126235
10126236
10126237
10126238
10126239
10126241
10126242
10126243
10126244
10126245
10126246
10126247
10126248
10126249
10126311
10126312
10126313
10126314
10126315
10126316
10126317
10126318
10126319
10126321
10126322
10126323
10126324
10126325
10126326
10126327
10126328
10126329
10126331
10126332
10126333
10126334
10126335
10126336
10126337
10126338
10126339
10126341
10126342
10126343
10126344
10126345
10126346
10126347
10126348
10126349
10126411
10126412
10126413
10126414
10126415
10126416
10126417
10126418
10126419
10126421
10126422
10126423
10126424
10126425
10126426
10126427
10126428
10126429
10126431
10126432
10126433
10126434
10126435
10126436
10126437
10126438
10126439
10126441
10126442
10126443
10126444
10126445
10126446
10126447
10126448
10126449
10131111
10131112
10131113
10131114
10131115
10131116
10131117
10131118
10131119
10131121
10131122
10131123
10131124
10131125
10131126
10131127
10131128
10131129
10131131
10131132
10131133
10131134
10131135
10131136
10131137
10131138
10131139
10131141
10131142
10131143
10131144
10131145
10131146
10131147
10131148
10131149
10131211
10131212
10131213
10131214
10131215
10131216
10131217
10131218
10131219
10131221
10131222
10131223
10131224
10131225
10131226
10131227
10131228
10131229
10131231
10131232
10131233
10131234
10131235
10131236
10131237
10131238
10131239
10131241
10131242
10131243
10131244
10131245
10131246
10131247
10131248
10131249
10131311
10131312
10131313
10131314
10131315
10131316
10131317
10131318
10131319
10131321
10131322
10131323
10131324
10131325
10131326
10131327
10131328
10131329
10131331
10131332
10131333
10131334
10131335
10131336
10131337
10131338
10131339
10131341
10131342
10131343
10131344
10131345
10131346
10131347
10131348
10131349
10131411
10131412
10131413
10131414
10131415
10131416
10131417
10131418
10131419
10131421
10131422
10131423
10131424
10131425
10131426
10131427
10131428
10131429
10131431
10131432
10131433
10131434
10131435
10131436
10131437
10131438
10131439
10131441
10131442
10131443
10131444
10131445
10131446
10131447
10131448
10131449
10132111
10132112
10132113
10132114
10132115
10132116
10132117
10132118
10132119
10132121
10132122
10132123
10132124
10132125
10132126
10132127
10132128
10132129
10132131
10132132
10132133
10132134
10132135
10132136
10132137
10132138
10132139
10132141
10132142
10132143
10132144
10132145
10132146
10132147
10132148
10132149
10132211
10132212
10132213
10132214
10132215
10132216
10132217
10132218
10132219
10132221
10132222
10132223
10132224
10132225
10132226
10132227
10132228
10132229
10132231
10132232
10132233
10132234
10132235
10132236
10132237
10132238
10132239
10132241
10132242
10132243
10132244
10132245
10132246
10132247
10132248
10132249
10132311
10132312
10132313
10132314
10132315
10132316
10132317
10132318
10132319
10132321
10132322
10132323
10132324
10132325
10132326
10132327
10132328
10132329
10132331
10132332
10132333
10132334
10132335
10132336
10132337
10132338
10132339
10132341
10132342
10132343
10132344
10132345
10132346
10132347
10132348
10132349
10132411
10132412
10132413
10132414
10132415
10132416
10132417
10132418
10132419
10132421
10132422
10132423
10132424
10132425
10132426
10132427
10132428
10132429
10132431
10132432
10132433
10132434
10132435
10132436
10132437
10132438
10132439
10132441
10132442
10132443
10132444
10132445
10132446
10132447
10132448
10132449
10133111
10133112
10133113
10133114
10133115
10133116
10133117
10133118
10133119
10133121
10133122
10133123
10133124
10133125
10133126
10133127
10133128
10133129
10133131
10133132
10133133
10133134
10133135
10133136
10133137
10133138
10133139
10133141
10133142
10133143
10133144
10133145
10133146
10133147
10133148
10133149
10133211
10133212
10133213
10133214
10133215
10133216
10133217
10133218
10133219
10133221
10133222
10133223
10133224
10133225
10133226
10133227
10133228
10133229
10133231
10133232
10133233
10133234
10133235
10133236
10133237
10133238
10133239
10133241
10133242
10133243
10133244
10133245
10133246
10133247
10133248
10133249
10133311
10133312
10133313
10133314
10133315
10133316
10133317
10133318
10133319
10133321
10133322
10133323
10133324
10133325
10133326
10133327
10133328
10133329
10133331
10133332
10133333
10133334
10133335
10133336
10133337
10133338
10133339
10133341
10133342
10133343
10133344
10133345
10133346
10133347
10133348
10133349
10133411
10133412
10133413
10133414
10133415
10133416
10133417
10133418
10133419
10133421
10133422
10133423
10133424
10133425
10133426
10133427
10133428
10133429
10133431
10133432
10133433
10133434
10133435
10133436
10133437
10133438
10133439
10133441
10133442
10133443
10133444
10133445
10133446
10133447
10133448
10133449
10134111
10134112
10134113
10134114
10134115
10134116
10134117
10134118
10134119
10134121
10134122
10134123
10134124
10134125
10134126
10134127
10134128
10134129
10134131
10134132
10134133
10134134
10134135
10134136
10134137
10134138
10134139
10134141
10134142
10134143
10134144
10134145
10134146
10134147
10134148
10134149
10134211
10134212
10134213
10134214
10134215
10134216
10134217
10134218
10134219
10134221
10134222
10134223
10134224
10134225
10134226
10134227
10134228
10134229
10134231
10134232
10134233
10134234
10134235
10134236
10134237
10134238
10134239
10134241
10134242
10134243
10134244
10134245
10134246
10134247
10134248
10134249
10134311
10134312
10134313
10134314
10134315
10134316
10134317
10134318
10134319
10134321
10134322
10134323
10134324
10134325
10134326
10134327
10134328
10134329
10134331
10134332
10134333
10134334
10134335
10134336
10134337
10134338
10134339
10134341
10134342
10134343
10134344
10134345
10134346
10134347
10134348
10134349
10134411
10134412
10134413
10134414
10134415
10134416
10134417
10134418
10134419
10134421
10134422
10134423
10134424
10134425
10134426
10134427
10134428
10134429
10134431
10134432
10134433
10134434
10134435
10134436
10134437
10134438
10134439
10134441
10134442
10134443
10134444
10134445
10134446
10134447
10134448
10134449
10135111
10135112
10135113
10135114
10135115
10135116
10135117
10135118
10135119
10135121
10135122
10135123
10135124
10135125
10135126
10135127
10135128
10135129
10135131
10135132
10135133
10135134
10135135
10135136
10135137
10135138
10135139
10135141
10135142
10135143
10135144
10135145
10135146
10135147
10135148
10135149
10135211
10135212
10135213
10135214
10135215
10135216
10135217
10135218
10135219
10135221
10135222
10135223
10135224
10135225
10135226
10135227
10135228
10135229
10135231
10135232
10135233
10135234
10135235
10135236
10135237
10135238
10135239
10135241
10135242
10135243
10135244
10135245
10135246
10135247
10135248
10135249
10135311
10135312
10135313
10135314
10135315
10135316
10135317
10135318
10135319
10135321
10135322
10135323
10135324
10135325
10135326
10135327
10135328
10135329
10135331
10135332
10135333
10135334
10135335
10135336
10135337
10135338
10135339
10135341
10135342
10135343
10135344
10135345
10135346
10135347
10135348
10135349
10135411
10135412
10135413
10135414
10135415
10135416
10135417
10135418
10135419
10135421
10135422
10135423
10135424
10135425
10135426
10135427
10135428
10135429
10135431
10135432
10135433
10135434
10135435
10135436
10135437
10135438
10135439
10135441
10135442
10135443
10135444
10135445
10135446
10135447
10135448
10135449
10136111
10136112
10136113
10136114
10136115
10136116
10136117
10136118
10136119
10136121
10136122
10136123
10136124
10136125
10136126
10136127
10136128
10136129
10136131
10136132
10136133
10136134
10136135
10136136
10136137
10136138
10136139
10136141
10136142
10136143
10136144
10136145
10136146
10136147
10136148
10136149
10136211
10136212
10136213
10136214
10136215
10136216
10136217
10136218
10136219
10136221
10136222
10136223
10136224
10136225
10136226
10136227
10136228
10136229
10136231
10136232
10136233
10136234
10136235
10136236
10136237
10136238
10136239
10136241
10136242
10136243
10136244
10136245
10136246
10136247
10136248
10136249
10136311
10136312
10136313
10136314
10136315
10136316
10136317
10136318
10136319
10136321
10136322
10136323
10136324
10136325
10136326
10136327
10136328
10136329
10136331
10136332
10136333
10136334
10136335
10136336
10136337
10136338
10136339
10136341
10136342
10136343
10136344
10136345
10136346
10136347
10136348
10136349
10136411
10136412
10136413
10136414
10136415
10136416
10136417
10136418
10136419
10136421
10136422
10136423
10136424
10136425
10136426
10136427
10136428
10136429
10136431
10136432
10136433
10136434
10136435
10136436
10136437
10136438
10136439
10136441
10136442
10136443
10136444
10136445
10136446
10136447
10136448
10136449
10141111
10141112
10141113
10141114
10141115
10141116
10141117
10141118
10141119
10141121
10141122
10141123
10141124
10141125
10141126
10141127
10141128
10141129
10141131
10141132
10141133
10141134
10141135
10141136
10141137
10141138
10141139
10141141
10141142
10141143
10141144
10141145
10141146
10141147
10141148
10141149
10141211
10141212
10141213
10141214
10141215
10141216
10141217
10141218
10141219
10141221
10141222
10141223
10141224
10141225
10141226
10141227
10141228
10141229
10141231
10141232
10141233
10141234
10141235
10141236
10141237
10141238
10141239
10141241
10141242
10141243
10141244
10141245
10141246
10141247
10141248
10141249
10141311
10141312
10141313
10141314
10141315
10141316
10141317
10141318
10141319
10141321
10141322
10141323
10141324
10141325
10141326
10141327
10141328
10141329
10141411
10141412
10141413
10141414
10141415
10141416
10141417
10141418
10141419
10141421
10141422
10141423
10141424
10141425
10141426
10141427
10141428
10141429
10142111
10142112
10142113
10142114
10142115
10142116
10142117
10142118
10142119
10142121
10142122
10142123
10142124
10142125
10142126
10142127
10142128
10142129
10142131
10142132
10142133
10142134
10142135
10142136
10142137
10142138
10142139
10142141
10142142
10142143
10142144
10142145
10142146
10142147
10142148
10142149
10142211
10142212
10142213
10142214
10142215
10142216
10142217
10142218
10142219
10142221
10142222
10142223
10142224
10142225
10142226
10142227
10142228
10142229
10142231
10142232
10142233
10142234
10142235
10142236
10142237
10142238
10142239
10142241
10142242
10142243
10142244
10142245
10142246
10142247
10142248
10142249
10142311
10142312
10142313
10142314
10142315
10142316
10142317
10142318
10142319
10142321
10142322
10142323
10142324
10142325
10142326
10142327
10142328
10142329
10142411
10142412
10142413
10142414
10142415
10142416
10142417
10142418
10142419
10142421
10142422
10142423
10142424
10142425
10142426
10142427
10142428
10142429
10143111
10143112
10143113
10143114
10143115
10143116
10143117
10143118
10143119
10143121
10143122
10143123
10143124
10143125
10143126
10143127
10143128
10143129
10143131
10143132
10143133
10143134
10143135
10143136
10143137
10143138
10143139
10143141
10143142
10143143
10143144
10143145
10143146
10143147
10143148
10143149
10143211
10143212
10143213
10143214
10143215
10143216
10143217
10143218
10143219
10143221
10143222
10143223
10143224
10143225
10143226
10143227
10143228
10143229
10143231
10143232
10143233
10143234
10143235
10143236
10143237
10143238
10143239
10143241
10143242
10143243
10143244
10143245
10143246
10143247
10143248
10143249
10143311
10143312
10143313
10143314
10143315
10143316
10143317
10143318
10143319
10143321
10143322
10143323
10143324
10143325
10143326
10143327
10143328
10143329
10143411
10143412
10143413
10143414
10143415
10143416
10143417
10143418
10143419
10143421
10143422
10143423
10143424
10143425
10143426
10143427
10143428
10143429
11111114
11111115
11111116
11111117
11111118
11111119
11111124
11111125
11111126
11111127
11111128
11111129
11111131
11111132
11111133
11111134
11111135
11111136
11111137
11111138
11111139
11111141
11111142
11111143
11111144
11111145
11111146
11111147
11111148
11111149
11111214
11111215
11111216
11111217
11111218
11111219
11111224
11111225
11111226
11111227
11111228
11111229
11111231
11111232
11111233
11111234
11111235
11111236
11111237
11111238
11111239
11111241
11111242
11111243
11111244
11111245
11111246
11111247
11111248
11111249
11111311
11111312
11111313
11111314
11111315
11111316
11111317
11111318
11111319
11111321
11111322
11111323
11111324
11111325
11111326
11111327
11111328
11111329
11111331
11111332
11111333
11111334
11111335
11111336
11111337
11111338
11111339
11111341
11111342
11111343
11111344
11111345
11111346
11111347
11111348
11111349
11111411
11111412
11111413
11111414
11111415
11111416
11111417
11111418
11111419
11111421
11111422
11111423
11111424
11111425
11111426
11111427
11111428
11111429
11111431
11111432
11111433
11111434
11111435
11111436
11111437
11111438
11111439
11111441
11111442
11111443
11111444
11111445
11111446
11111447
11111448
11111449
11112114
11112115
11112116
11112117
11112118
11112119
11112124
11112125
11112126
11112127
11112128
11112129
11112131
11112132
11112133
11112134
11112135
11112136
11112137
11112138
11112139
11112141
11112142
11112143
11112144
11112145
11112146
11112147
11112148
11112149
11112214
11112215
11112216
11112217
11112218
11112219
11112224
11112225
11112226
11112227
11112228
11112229
11112231
11112232
11112233
11112234
11112235
11112236
11112237
11112238
11112239
11112241
11112242
11112243
11112244
11112245
11112246
11112247
11112248
11112249
11112311
11112312
11112313
11112314
11112315
11112316
11112317
11112318
11112319
11112321
11112322
11112323
11112324
11112325
11112326
11112327
11112328
11112329
11112331
11112332
11112333
11112334
11112335
11112336
11112337
11112338
11112339
11112341
11112342
11112343
11112344
11112345
11112346
11112347
11112348
11112349
11112411
11112412
11112413
11112414
11112415
11112416
11112417
11112418
11112419
11112421
11112422
11112423
11112424
11112425
11112426
11112427
11112428
11112429
11112431
11112432
11112433
11112434
11112435
11112436
11112437
11112438
11112439
11112441
11112442
11112443
11112444
11112445
11112446
11112447
11112448
11112449
11113114
11113115
11113116
11113117
11113118
11113119
11113124
11113125
11113126
11113127
11113128
11113129
11113131
11113132
11113133
11113134
11113135
11113136
11113137
11113138
11113139
11113141
11113142
11113143
11113144
11113145
11113146
11113147
11113148
11113149
11113214
11113215
11113217
11113218
11113231
11113232
11113234
11113235
11113237
11113238
11113311
11113312
11113313
11113314
11113315
11113316
11113317
11113318
11113319
11113321
11113322
11113323
11113324
11113325
11113326
11113327
11113328
11113329
11113331
11113332
11113333
11113334
11113335
11113336
11113337
11113338
11113339
11113341
11113342
11113343
11113344
11113345
11113346
11113347
11113348
11113349
11113411
11113412
11113414
11113415
11113417
11113418
11113431
11113432
11113434
11113435
11113437
11113438
11114111
11114112
11114113
11114114
11114115
11114116
11114117
11114118
11114119
11114121
11114122
11114123
11114124
11114125
11114126
11114127
11114128
11114129
11114131
11114132
11114133
11114134
11114135
11114136
11114137
11114138
11114139
11114141
11114142
11114143
11114144
11114145
11114146
11114147
11114148
11114149
11114211
11114212
11114213
11114214
11114215
11114216
11114217
11114218
11114219
11114221
11114222
11114223
11114224
11114225
11114226
11114227
11114228
11114229
11114231
11114232
11114233
11114234
11114235
11114236
11114237
11114238
11114239
11114241
11114242
11114243
11114244
11114245
11114246
11114247
11114248
11114249
11114311
11114312
11114313
11114314
11114315
11114316
11114317
11114318
11114319
11114321
11114322
11114323
11114324
11114325
11114326
11114327
11114328
11114329
11114331
11114332
11114333
11114334
11114335
11114336
11114337
11114338
11114339
11114341
11114342
11114343
11114344
11114345
11114346
11114347
11114348
11114349
11114411
11114412
11114413
11114414
11114415
11114416
11114417
11114418
11114419
11114421
11114422
11114423
11114424
11114425
11114426
11114427
11114428
11114429
11114431
11114432
11114433
11114434
11114435
11114436
11114437
11114438
11114439
11114441
11114442
11114443
11114444
11114445
11114446
11114447
11114448
11114449
11115111
11115112
11115113
11115114
11115115
11115116
11115117
11115118
11115119
11115121
11115122
11115123
11115124
11115125
11115126
11115127
11115128
11115129
11115131
11115132
11115133
11115134
11115135
11115136
11115137
11115138
11115139
11115141
11115142
11115143
11115144
11115145
11115146
11115147
11115148
11115149
11115211
11115212
11115213
11115214
11115215
11115216
11115217
11115218
11115219
11115221
11115222
11115223
11115224
11115225
11115226
11115227
11115228
11115229
11115231
11115232
11115233
11115234
11115235
11115236
11115237
11115238
11115239
11115241
11115242
11115243
11115244
11115245
11115246
11115247
11115248
11115249
11115311
11115312
11115313
11115314
11115315
11115316
11115317
11115318
11115319
11115321
11115322
11115323
11115324
11115325
11115326
11115327
11115328
11115329
11115331
11115332
11115333
11115334
11115335
11115336
11115337
11115338
11115339
11115341
11115342
11115343
11115344
11115345
11115346
11115347
11115348
11115349
11115411
11115412
11115413
11115414
11115415
11115416
11115417
11115418
11115419
11115421
11115422
11115423
11115424
11115425
11115426
11115427
11115428
11115429
11115431
11115432
11115433
11115434
11115435
11115436
11115437
11115438
11115439
11115441
11115442
11115443
11115444
11115445
11115446
11115447
11115448
11115449
11116111
11116112
11116113
11116114
11116115
11116116
11116117
11116118
11116119
11116121
11116122
11116123
11116124
11116125
11116126
11116127
11116128
11116129
11116131
11116132
11116133
11116134
11116135
11116136
11116137
11116138
11116139
11116141
11116142
11116143
11116144
11116145
11116146
11116147
11116148
11116149
11116211
11116212
11116214
11116215
11116217
11116218
11116231
11116232
11116234
11116235
11116237
11116238
11116311
11116312
11116313
11116314
11116315
11116316
11116317
11116318
11116319
11116321
11116322
11116323
11116324
11116325
11116326
11116327
11116328
11116329
11116331
11116332
11116333
11116334
11116335
11116336
11116337
11116338
11116339
11116341
11116342
11116343
11116344
11116345
11116346
11116347
11116348
11116349
11116411
11116412
11116414
11116415
11116417
11116418
11116431
11116432
11116434
11116435
11116437
11116438
11121111
11121112
11121113
11121114
11121115
11121116
11121117
11121118
11121119
11121121
11121122
11121123
11121124
11121125
11121126
11121127
11121128
11121129
11121131
11121132
11121133
11121134
11121135
11121136
11121137
11121138
11121139
11121141
11121142
11121143
11121144
11121145
11121146
11121147
11121148
11121149
11121211
11121212
11121213
11121214
11121215
11121216
11121217
11121218
11121219
11121221
11121222
11121223
11121224
11121225
11121226
11121227
11121228
11121229
11121231
11121232
11121233
11121234
11121235
11121236
11121237
11121238
11121239
11121241
11121242
11121243
11121244
11121245
11121246
11121247
11121248
11121249
11121311
11121312
11121313
11121314
11121315
11121316
11121317
11121318
11121319
11121321
11121322
11121323
11121324
11121325
11121326
11121327
11121328
11121329
11121331
11121332
11121333
11121334
11121335
11121336
11121337
11121338
11121339
11121341
11121342
11121343
11121344
11121345
11121346
11121347
11121348
11121349
11121411
11121412
11121413
11121414
11121415
11121416
11121417
11121418
11121419
11121421
11121422
11121423
11121424
11121425
11121426
11121427
11121428
11121429
11121431
11121432
11121433
11121434
11121435
11121436
11121437
11121438
11121439
11121441
11121442
11121443
11121444
11121445
11121446
11121447
11121448
11121449
11122111
11122112
11122113
11122114
11122115
11122116
11122117
11122118
11122119
11122121
11122122
11122123
11122124
11122125
11122126
11122127
11122128
11122129
11122131
11122132
11122133
11122134
11122135
11122136
11122137
11122138
11122139
11122141
11122142
11122143
11122144
11122145
11122146
11122147
11122148
11122149
11122211
11122212
11122213
11122214
11122215
11122216
11122217
11122218
11122219
11122221
11122222
11122223
11122224
11122225
11122226
11122227
11122228
11122229
11122231
11122232
11122233
11122234
11122235
11122236
11122237
11122238
11122239
11122241
11122242
11122243
11122244
11122245
11122246
11122247
11122248
11122249
11122311
11122312
11122313
11122314
11122315
11122316
11122317
11122318
11122319
11122321
11122322
11122323
11122324
11122325
11122326
11122327
11122328
11122329
11122331
11122332
11122333
11122334
11122335
11122336
11122337
11122338
11122339
11122341
11122342
11122343
11122344
11122345
11122346
11122347
11122348
11122349
11122411
11122412
11122413
11122414
11122415
11122416
11122417
11122418
11122419
11122421
11122422
11122423
11122424
11122425
11122426
11122427
11122428
11122429
11122431
11122432
11122433
11122434
11122435
11122436
11122437
11122438
11122439
11122441
11122442
11122443
11122444
11122445
11122446
11122447
11122448
11122449
11123111
11123112
11123113
11123114
11123115
11123116
11123117
11123118
11123119
11123121
11123122
11123123
11123124
11123125
11123126
11123127
11123128
11123129
11123131
11123132
11123133
11123134
11123135
11123136
11123137
11123138
11123139
11123141
11123142
11123143
11123144
11123145
11123146
11123147
11123148
11123149
11123211
11123212
11123214
11123215
11123217
11123218
11123231
11123232
11123234
11123235
11123237
11123238
11123311
11123312
11123313
11123314
11123315
11123316
11123317
11123318
11123319
11123321
11123322
11123323
11123324
11123325
11123326
11123327
11123328
11123329
11123331
11123332
11123333
11123334
11123335
11123336
11123337
11123338
11123339
11123341
11123342
11123343
11123344
11123345
11123346
11123347
11123348
11123349
11123411
11123412
11123414
11123415
11123417
11123418
11123431
11123432
11123434
11123435
11123437
11123438
11124111
11124112
11124113
11124114
11124115
11124116
11124117
11124118
11124119
11124121
11124122
11124123
11124124
11124125
11124126
11124127
11124128
11124129
11124131
11124132
11124133
11124134
11124135
11124136
11124137
11124138
11124139
11124141
11124142
11124143
11124144
11124145
11124146
11124147
11124148
11124149
11124211
11124212
11124213
11124214
11124215
11124216
11124217
11124218
11124219
11124221
11124222
11124223
11124224
11124225
11124226
11124227
11124228
11124229
11124231
11124232
11124233
11124234
11124235
11124236
11124237
11124238
11124239
11124241
11124242
11124243
11124244
11124245
11124246
11124247
11124248
11124249
11124311
11124312
11124313
11124314
11124315
11124316
11124317
11124318
11124319
11124321
11124322
11124323
11124324
11124325
11124326
11124327
11124328
11124329
11124331
11124332
11124333
11124334
11124335
11124336
11124337
11124338
11124339
11124341
11124342
11124343
11124344
11124345
11124346
11124347
11124348
11124349
11124411
11124412
11124413
11124414
11124415
11124416
11124417
11124418
11124419
11124421
11124422
11124423
11124424
11124425
11124426
11124427
11124428
11124429
11124431
11124432
11124433
11124434
11124435
11124436
11124437
11124438
11124439
11124441
11124442
11124443
11124444
11124445
11124446
11124447
11124448
11124449
11125111
11125112
11125113
11125114
11125115
11125116
11125117
11125118
11125119
11125121
11125122
11125123
11125124
11125125
11125126
11125127
11125128
11125129
11125131
11125132
11125133
11125134
11125135
11125136
11125137
11125138
11125139
11125141
11125142
11125143
11125144
11125145
11125146
11125147
11125148
11125149
11125211
11125212
11125213
11125214
11125215
11125216
11125217
11125218
11125219
11125221
11125222
11125223
11125224
11125225
11125226
11125227
11125228
11125229
11125231
11125232
11125233
11125234
11125235
11125236
11125237
11125238
11125239
11125241
11125242
11125243
11125244
11125245
11125246
11125247
11125248
11125249
11125311
11125312
11125313
11125314
11125315
11125316
11125317
11125318
11125319
11125321
11125322
11125323
11125324
11125325
11125326
11125327
11125328
11125329
11125331
11125332
11125333
11125334
11125335
11125336
11125337
11125338
11125339
11125341
11125342
11125343
11125344
11125345
11125346
11125347
11125348
11125349
11125411
11125412
11125413
11125414
11125415
11125416
11125417
11125418
11125419
11125421
11125422
11125423
11125424
11125425
11125426
11125427
11125428
11125429
11125431
11125432
11125433
11125434
11125435
11125436
11125437
11125438
11125439
11125441
11125442
11125443
11125444
11125445
11125446
11125447
11125448
11125449
11126111
11126112
11126113
11126114
11126115
11126116
11126117
11126118
11126119
11126121
11126122
11126123
11126124
11126125
11126126
11126127
11126128
11126129
11126131
11126132
11126133
11126134
11126135
11126136
11126137
11126138
11126139
11126141
11126142
11126143
11126144
11126145
11126146
11126147
11126148
11126149
11126211
11126212
11126214
11126215
11126217
11126218
11126231
11126232
11126234
11126235
11126237
11126238
11126311
11126312
11126313
11126314
11126315
11126316
11126317
11126318
11126319
11126321
11126322
11126323
11126324
11126325
11126326
11126327
11126328
11126329
11126331
11126332
11126333
11126334
11126335
11126336
11126337
11126338
11126339
11126341
11126342
11126343
11126344
11126345
11126346
11126347
11126348
11126349
11126411
11126412
11126414
11126415
11126417
11126418
11126431
11126432
11126434
11126435
11126437
11126438
11131111
11131112
11131113
11131114
11131115
11131116
11131117
11131118
11131119
11131121
11131122
11131123
11131124
11131125
11131126
11131127
11131128
11131129
11131131
11131132
11131133
11131134
11131135
11131136
11131137
11131138
11131139
11131141
11131142
11131143
11131144
11131145
11131146
11131147
11131148
11131149
11131211
11131212
11131213
11131214
11131215
11131216
11131217
11131218
11131219
11131221
11131222
11131223
11131224
11131225
11131226
11131227
11131228
11131229
11131231
11131232
11131233
11131234
11131235
11131236
11131237
11131238
11131239
11131241
11131242
11131243
11131244
11131245
11131246
11131247
11131248
11131249
11131311
11131312
11131313
11131314
11131315
11131316
11131317
11131318
11131319
11131321
11131322
11131323
11131324
11131325
11131326
11131327
11131328
11131329
11131331
11131332
11131333
11131334
11131335
11131336
11131337
11131338
11131339
11131341
11131342
11131343
11131344
11131345
11131346
11131347
11131348
11131349
11131411
11131412
11131413
11131414
11131415
11131416
11131417
11131418
11131419
11131421
11131422
11131423
11131424
11131425
11131426
11131427
11131428
11131429
11131431
11131432
11131433
11131434
11131435
11131436
11131437
11131438
11131439
11131441
11131442
11131443
11131444
11131445
11131446
11131447
11131448
11131449
11132111
11132112
11132113
11132114
11132115
11132116
11132117
11132118
11132119
11132121
11132122
11132123
11132124
11132125
11132126
11132127
11132128
11132129
11132131
11132132
11132133
11132134
11132135
11132136
11132137
11132138
11132139
11132141
11132142
11132143
11132144
11132145
11132146
11132147
11132148
11132149
11132211
11132212
11132213
11132214
11132215
11132216
11132217
11132218
11132219
11132221
11132222
11132223
11132224
11132225
11132226
11132227
11132228
11132229
11132231
11132232
11132233
11132234
11132235
11132236
11132237
11132238
11132239
11132241
11132242
11132243
11132244
11132245
11132246
11132247
11132248
11132249
11132311
11132312
11132313
11132314
11132315
11132316
11132317
11132318
11132319
11132321
11132322
11132323
11132324
11132325
11132326
11132327
11132328
11132329
11132331
11132332
11132333
11132334
11132335
11132336
11132337
11132338
11132339
11132341
11132342
11132343
11132344
11132345
11132346
11132347
11132348
11132349
11132411
11132412
11132413
11132414
11132415
11132416
11132417
11132418
11132419
11132421
11132422
11132423
11132424
11132425
11132426
11132427
11132428
11132429
11132431
11132432
11132433
11132434
11132435
11132436
11132437
11132438
11132439
11132441
11132442
11132443
11132444
11132445
11132446
11132447
11132448
11132449
11133111
11133112
11133113
11133114
11133115
11133116
11133117
11133118
11133119
11133121
11133122
11133123
11133124
11133125
11133126
11133127
11133128
11133129
11133131
11133132
11133133
11133134
11133135
11133136
11133137
11133138
11133139
11133141
11133142
11133143
11133144
11133145
11133146
11133147
11133148
11133149
11133211
11133212
11133214
11133215
11133217
11133218
11133231
11133232
11133234
11133235
11133237
11133238
11133311
11133312
11133313
11133314
11133315
11133316
11133317
11133318
11133319
11133321
11133322
11133323
11133324
11133325
11133326
11133327
11133328
11133329
11133331
11133332
11133333
11133334
11133335
11133336
11133337
11133338
11133339
11133341
11133342
11133343
11133344
11133345
11133346
11133347
11133348
11133349
11133411
11133412
11133414
11133415
11133417
11133418
11133431
11133432
11133434
11133435
11133437
11133438
11134111
11134112
11134113
11134114
11134115
11134116
11134117
11134118
11134119
11134121
11134122
11134123
11134124
11134125
11134126
11134127
11134128
11134129
11134131
11134132
11134133
11134134
11134135
11134136
11134137
11134138
11134139
11134141
11134142
11134143
11134144
11134145
11134146
11134147
11134148
11134149
11134211
11134212
11134213
11134214
11134215
11134216
11134217
11134218
11134219
11134221
11134222
11134223
11134224
11134225
11134226
11134227
11134228
11134229
11134231
11134232
11134233
11134234
11134235
11134236
11134237
11134238
11134239
11134241
11134242
11134243
11134244
11134245
11134246
11134247
11134248
11134249
11134311
11134312
11134313
11134314
11134315
11134316
11134317
11134318
11134319
11134321
11134322
11134323
11134324
11134325
11134326
11134327
11134328
11134329
11134331
11134332
11134333
11134334
11134335
11134336
11134337
11134338
11134339
11134341
11134342
11134343
11134344
11134345
11134346
11134347
11134348
11134349
11134411
11134412
11134413
11134414
11134415
11134416
11134417
11134418
11134419
11134421
11134422
11134423
11134424
11134425
11134426
11134427
11134428
11134429
11134431
11134432
11134433
11134434
11134435
11134436
11134437
11134438
11134439
11134441
11134442
11134443
11134444
11134445
11134446
11134447
11134448
11134449
11135111
11135112
11135113
11135114
11135115
11135116
11135117
11135118
11135119
11135121
11135122
11135123
11135124
11135125
11135126
11135127
11135128
11135129
11135131
11135132
11135133
11135134
11135135
11135136
11135137
11135138
11135139
11135141
11135142
11135143
11135144
11135145
11135146
11135147
11135148
11135149
11135211
11135212
11135213
11135214
11135215
11135216
11135217
11135218
11135219
11135221
11135222
11135223
11135224
11135225
11135226
11135227
11135228
11135229
11135231
11135232
11135233
11135234
11135235
11135236
11135237
11135238
11135239
11135241
11135242
11135243
11135244
11135245
11135246
11135247
11135248
11135249
11135311
11135312
11135313
11135314
11135315
11135316
11135317
11135318
11135319
11135321
11135322
11135323
11135324
11135325
11135326
11135327
11135328
11135329
11135331
11135332
11135333
11135334
11135335
11135336
11135337
11135338
11135339
11135341
11135342
11135343
11135344
11135345
11135346
11135347
11135348
11135349
11135411
11135412
11135413
11135414
11135415
11135416
11135417
11135418
11135419
11135421
11135422
11135423
11135424
11135425
11135426
11135427
11135428
11135429
11135431
11135432
11135433
11135434
11135435
11135436
11135437
11135438
11135439
11135441
11135442
11135443
11135444
11135445
11135446
11135447
11135448
11135449
11136111
11136112
11136113
11136114
11136115
11136116
11136117
11136118
11136119
11136121
11136122
11136123
11136124
11136125
11136126
11136127
11136128
11136129
11136131
11136132
11136133
11136134
11136135
11136136
11136137
11136138
11136139
11136141
11136142
11136143
11136144
11136145
11136146
11136147
11136148
11136149
11136211
11136212
11136214
11136215
11136217
11136218
11136231
11136232
11136234
11136235
11136237
11136238
11136311
11136312
11136313
11136314
11136315
11136316
11136317
11136318
11136319
11136321
11136322
11136323
11136324
11136325
11136326
11136327
11136328
11136329
11136331
11136332
11136333
11136334
11136335
11136336
11136337
11136338
11136339
11136341
11136342
11136343
11136344
11136345
11136346
11136347
11136348
11136349
11136411
11136412
11136414
11136415
11136417
11136418
11136431
11136432
11136434
11136435
11136437
11136438
11141111
11141112
11141113
11141114
11141115
11141116
11141117
11141118
11141119
11141121
11141122
11141123
11141124
11141125
11141126
11141127
11141128
11141129
11141131
11141132
11141133
11141134
11141135
11141136
11141137
11141138
11141139
11141141
11141142
11141143
11141144
11141145
11141146
11141147
11141148
11141149
11141211
11141212
11141213
11141214
11141215
11141216
11141217
11141218
11141219
11141221
11141222
11141223
11141224
11141225
11141226
11141227
11141228
11141229
11141231
11141232
11141233
11141234
11141235
11141236
11141237
11141238
11141239
11141241
11141242
11141243
11141244
11141245
11141246
11141247
11141248
11141249
11141311
11141312
11141313
11141314
11141315
11141316
11141317
11141318
11141319
11141321
11141322
11141323
11141324
11141325
11141326
11141327
11141328
11141329
11141411
11141412
11141413
11141414
11141415
11141416
11141417
11141418
11141419
11141421
11141422
11141423
11141424
11141425
11141426
11141427
11141428
11141429
11142111
11142112
11142113
11142114
11142115
11142116
11142117
11142118
11142119
11142121
11142122
11142123
11142124
11142125
11142126
11142127
11142128
11142129
11142131
11142132
11142133
11142134
11142135
11142136
11142137
11142138
11142139
11142141
11142142
11142143
11142144
11142145
11142146
11142147
11142148
11142149
11142211
11142212
11142213
11142214
11142215
11142216
11142217
11142218
11142219
11142221
11142222
11142223
11142224
11142225
11142226
11142227
11142228
11142229
11142231
11142232
11142233
11142234
11142235
11142236
11142237
11142238
11142239
11142241
11142242
11142243
11142244
11142245
11142246
11142247
11142248
11142249
11142311
11142312
11142313
11142314
11142315
11142316
11142317
11142318
11142319
11142321
11142322
11142323
11142324
11142325
11142326
11142327
11142328
11142329
11142411
11142412
11142413
11142414
11142415
11142416
11142417
11142418
11142419
11142421
11142422
11142423
11142424
11142425
11142426
11142427
11142428
11142429
11143111
11143112
11143113
11143114
11143115
11143116
11143117
11143118
11143119
11143121
11143122
11143123
11143124
11143125
11143126
11143127
11143128
11143129
11143131
11143132
11143133
11143134
11143135
11143136
11143137
11143138
11143139
11143141
11143142
11143143
11143144
11143145
11143146
11143147
11143148
11143149
11143211
11143212
11143214
11143215
11143217
11143218
11143231
11143232
11143234
11143235
11143237
11143238
11143311
11143312
11143313
11143314
11143315
11143316
11143317
11143318
11143319
11143321
11143322
11143323
11143324
11143325
11143326
11143327
11143328
11143329
11143411
11143412
11143414
11143415
11143417
11143418